0 88.220
1 86.711
2 71.826
3 64.020
4 89.877
5 62.145
6 77.220
7 68.306
8 59.040
9 58.920
10 69.180
11 83.864
12 86.005
13 54.196
14 76.059
15 86.579
16 52.406
17 62.593
18 88.653
19 85.061
20 64.508
21 63.555
22 63.338
23 88.593
24 66.677
25 56.336
26 63.647
27 51.120
28 72.723
29 53.974
30 54.394
31 78.193
32 74.465
33 57.922
34 75.350
35 83.339
36 80.550
37 73.560
38 62.394
39 84.029
40 76.036
41 67.916
42 51.649
43 62.499
44 61.022
45 52.559
46 80.656
47 58.310
48 63.074
49 84.452
50 79.661
51 77.178
52 75.321
53 68.048
54 55.079
55 71.029
56 83.591
57 81.414
58 84.765
59 85.328
60 67.287
61 80.084
62 88.224
63 88.771
64 62.676
65 74.008
66 73.830
67 70.742
68 61.670
69 71.775
70 54.684
71 68.548
72 50.864
73 89.075
74 70.247
75 79.064
76 57.323
77 86.106
78 73.328
79 67.416
80 57.381
81 79.955
82 80.777
83 60.345
84 55.504
85 74.464
86 73.485
87 77.892
88 73.659
89 89.359
90 89.853
91 58.630
92 66.311
93 61.021
94 89.689
95 78.673
96 79.680
97 56.955
98 50.820
99 66.251
100 60.753
101 81.435
102 69.538
103 57.091
104 77.414
105 71.157
106 83.701
107 54.108
108 52.940
109 63.290
110 58.523
111 64.933
112 87.727
113 56.283
114 56.939
115 85.215
116 80.521
117 67.328
118 73.251
119 64.622
120 61.987
121 53.640
122 86.534
123 67.834
124 72.913
125 89.559
126 82.801
127 81.674
128 72.219
129 75.346
130 73.735
131 56.764
132 78.914
133 74.010
134 61.406
135 59.020
136 87.165
137 74.155
138 66.165
139 80.617
140 72.252
141 54.234
142 71.543
143 65.373
144 70.009
145 77.749
146 68.647
147 61.754
148 83.393
149 59.078
150 82.601
151 56.483
152 63.110
153 54.010
154 72.388
155 86.578
156 83.169
157 52.097
158 71.574
159 79.415
160 66.969
161 87.143
162 80.613
163 82.491
164 59.403
165 83.568
166 71.374
167 78.381
168 75.600
169 84.763
170 88.620
171 62.345
172 53.114
173 72.894
174 66.301
175 75.909
176 85.739
177 77.982
178 81.414
179 64.363
180 73.760
181 56.752
182 61.289
183 50.637
184 64.200
185 59.477
186 87.015
187 61.281
188 83.219
189 86.841
190 82.164
191 64.955
192 62.157
193 86.391
194 84.396
195 81.344
196 71.807
197 75.547
198 69.131
199 68.924
200 56.037
201 60.636
202 72.586
203 83.892
204 54.686
205 79.615
206 64.452
207 82.127
208 77.545
209 56.854
210 56.248
211 59.708
212 72.122
213 72.757
214 72.732
215 72.932
216 53.742
217 78.857
218 67.430
219 57.405
220 56.986
221 86.068
222 87.773
223 81.804
224 76.781
225 53.980
226 75.068
227 53.725
228 63.806
229 81.983
230 60.688
231 57.140
232 83.387
233 52.265
234 88.749
235 64.354
236 75.946
237 79.160
238 71.668
239 51.055
240 86.559
241 68.093
242 72.021
243 76.220
244 50.108
245 80.878
246 51.445
247 80.202
248 80.798
249 73.552
250 79.171
251 88.328
252 66.318
253 80.166
254 73.521
255 56.152
256 70.327
257 74.738
258 60.444
259 61.412
260 68.715
261 71.361
262 63.701
263 63.105
264 82.083
265 88.101
266 70.537
267 83.336
268 58.936
269 73.317
270 74.661
271 55.687
272 61.868
273 55.946
274 70.413
275 85.149
276 56.933
277 88.507
278 72.576
279 75.186
280 52.228
281 52.321
282 88.379
283 82.661
284 86.735
285 62.704
286 67.683
287 50.238
288 89.811
289 60.922
290 82.752
291 56.389
292 75.144
293 60.890
294 55.478
295 75.285
296 54.095
297 54.434
298 81.155
299 59.881
300 71.114
301 57.614
302 68.941
303 60.223
304 71.046
305 87.590
306 75.844
307 81.801
308 71.685
309 58.153
310 75.552
311 52.577
312 65.974
313 62.401
314 74.900
315 77.917
316 56.828
317 72.167
318 52.297
319 50.176
320 67.677
321 56.896
322 51.585
323 52.784
324 85.319
325 59.924
326 50.817
327 77.294
328 55.337
329 60.777
330 74.013
331 64.125
332 65.944
333 60.009
334 53.628
335 82.285
336 66.533
337 89.842
338 85.528
339 54.946
340 63.598
341 83.703
342 78.517
343 66.101
344 87.663
345 74.006
346 79.491
347 67.023
348 84.523
349 77.441
350 58.062
351 83.980
352 59.514
353 73.036
354 68.984
355 57.910
356 53.950
357 62.397
358 56.866
359 75.147
360 60.729
361 85.462
362 70.655
363 52.525
364 78.601
365 62.411
366 89.317
367 57.299
368 67.602
369 68.122
370 66.954
371 82.045
372 67.514
373 66.947
374 53.748
375 64.169
376 66.985
377 85.932
378 68.044
379 73.029
380 70.738
381 62.852
382 61.220
383 71.222
384 66.718
385 61.477
386 86.508
387 54.634
388 73.672
389 72.150
390 63.537
391 78.023
392 55.770
393 70.234
394 60.499
395 89.536
396 70.748
397 57.399
398 76.762
399 60.309
400 82.174
401 77.399
402 53.471
403 52.891
404 62.501
405 55.257
406 79.229
407 63.057
408 57.919
409 81.789
410 75.675
411 66.275
412 55.910
413 81.317
414 86.674
415 53.751
416 59.601
417 76.641
418 88.033
419 85.871
420 59.868
421 80.127
422 65.600
423 69.861
424 85.297
425 82.674
426 84.889
427 58.342
428 68.741
429 87.206
430 63.000
431 74.066
432 70.132
433 58.971
434 79.940
435 81.745
436 77.220
437 50.062
438 53.407
439 58.788
440 56.155
441 59.095
442 61.514
443 63.255
444 63.613
445 71.760
446 67.514
447 70.671
448 68.878
449 81.661
450 50.324
451 70.283
452 53.378
453 89.864
454 74.844
455 57.142
456 54.708
457 64.686
458 54.981
459 60.807
460 58.493
461 52.786
462 68.550
463 82.620
464 78.272
465 61.128
466 59.730
467 71.531
468 89.692
469 77.576
470 81.114
471 59.848
472 59.797
473 81.049
474 89.751
475 84.574
476 58.140
477 64.714
478 86.897
479 69.835
480 71.606
481 73.678
482 89.013
483 87.139
484 77.677
485 75.459
486 65.335
487 88.627
488 74.144
489 65.893
490 87.966
491 85.914
492 83.828
493 62.933
494 51.692
495 64.117
496 61.237
497 83.080
498 69.155
499 73.993
500 73.616
501 78.865
502 78.288
503 88.405
504 54.560
505 66.744
506 80.126
507 54.458
508 51.005
509 72.456
510 65.631
511 55.993
512 64.268
513 67.303
514 61.077
515 86.527
516 85.071
517 79.386
518 67.704
519 68.108
520 51.827
521 52.489
522 59.400
523 84.888
524 79.238
525 64.353
526 52.387
527 85.416
528 83.307
529 80.364
530 78.855
531 51.155
532 53.273
533 83.781
534 55.039
535 69.048
536 50.318
537 79.827
538 84.665
539 62.298
540 78.656
541 67.755
542 54.499
543 80.965
544 63.736
545 64.390
546 89.296
547 84.600
548 84.617
549 67.727
550 69.283
551 68.398
552 73.301
553 73.905
554 50.359
555 54.787
556 52.551
557 51.107
558 69.936
559 61.384
560 87.833
561 75.677
562 87.133
563 63.091
564 51.911
565 51.891
566 57.628
567 76.644
568 66.888
569 61.771
570 84.325
571 77.095
572 80.620
573 76.949
574 70.354
575 54.576
576 69.152
577 57.824
578 59.892
579 61.837
580 53.837
581 61.026
582 74.954
583 76.764
584 84.714
585 81.271
586 75.247
587 83.852
588 65.895
589 67.250
590 55.983
591 88.496
592 87.892
593 69.842
594 71.518
595 55.577
596 81.444
597 57.910
598 89.791
599 67.639
600 76.061
601 87.904
602 59.342
603 71.741
604 86.642
605 83.779
606 88.167
607 66.807
608 51.384
609 77.794
610 76.468
611 80.835
612 70.257
613 58.261
614 62.753
615 86.435
616 77.572
617 60.901
618 73.960
619 88.466
620 83.022
621 57.458
622 58.638
623 68.278
624 77.789
625 89.381
626 78.513
627 70.376
628 70.789
629 87.563
630 66.920
631 64.264
632 84.168
633 75.717
634 80.872
635 57.519
636 54.979
637 82.598
638 64.700
639 72.830
640 50.989
641 57.710
642 85.238
643 84.018
644 56.927
645 52.565
646 53.844
647 82.202
648 82.998
649 63.335
650 86.041
651 73.903
652 74.287
653 79.501
654 70.734
655 67.229
656 81.603
657 64.822
658 85.383
659 84.167
660 55.518
661 68.634
662 50.251
663 66.607
664 71.165
665 87.546
666 65.224
667 57.974
668 56.305
669 81.581
670 66.063
671 66.896
672 70.577
673 57.778
674 62.072
675 76.273
676 60.356
677 67.994
678 77.836
679 77.807
680 61.513
681 50.167
682 79.403
683 63.382
684 66.737
685 54.548
686 68.000
687 61.129
688 83.948
689 74.787
690 78.052
691 56.412
692 71.878
693 80.501
694 70.723
695 71.494
696 57.492
697 81.621
698 62.066
699 72.233
700 65.358
701 50.520
702 66.398
703 51.927
704 89.062
705 86.052
706 80.281
707 67.459
708 76.057
709 82.550
710 85.430
711 74.621
712 76.316
713 86.767
714 76.555
715 62.187
716 55.602
717 64.268
718 70.434
719 83.816
720 75.109
721 86.888
722 55.227
723 80.610
724 58.702
725 61.995
726 86.082
727 54.732
728 88.227
729 76.848
730 64.998
731 73.817
732 76.165
733 61.896
734 58.948
735 68.024
736 80.076
737 56.241
738 83.052
739 80.670
740 80.988
741 50.888
742 72.312
743 86.069
744 77.833
745 83.604
746 86.607
747 69.660
748 67.619
749 82.463
750 50.994
751 69.285
752 73.911
753 87.888
754 56.861
755 70.427
756 71.065
757 80.479
758 75.292
759 71.076
760 57.217
761 88.640
762 81.131
763 67.526
764 73.494
765 53.960
766 66.923
767 50.997
768 61.646
769 77.624
770 63.764
771 82.599
772 76.330
773 50.263
774 69.789
775 69.165
776 77.313
777 88.648
778 77.362
779 79.040
780 55.940
781 66.737
782 77.546
783 59.921
784 64.530
785 77.842
786 75.921
787 87.071
788 75.154
789 57.653
790 86.202
791 84.596
792 56.598
793 73.384
794 84.442
795 56.638
796 50.939
797 73.978
798 53.012
799 86.361
800 60.249
801 81.638
802 71.448
803 83.674
804 52.604
805 65.952
806 85.579
807 58.354
808 79.804
809 54.968
810 75.792
811 74.166
812 58.093
813 59.636
814 73.756
815 54.611
816 51.442
817 56.971
818 87.137
819 73.944
820 86.411
821 67.051
822 51.307
823 56.259
824 77.317
825 80.459
826 83.660
827 85.003
828 55.045
829 69.788
830 74.809
831 54.624
832 83.013
833 73.195
834 88.394
835 64.724
836 78.150
837 51.920
838 70.957
839 67.854
840 52.142
841 51.965
842 57.421
843 88.867
844 67.052
845 67.851
846 74.824
847 53.381
848 53.599
849 83.450
850 68.115
851 53.588
852 63.929
853 87.331
854 75.663
855 83.633
856 62.819
857 85.902
858 88.022
859 62.044
860 70.161
861 81.898
862 72.345
863 59.404
864 84.709
865 73.478
866 64.429
867 89.418
868 66.091
869 82.227
870 58.252
871 53.736
872 54.466
873 70.075
874 55.800
875 83.393
876 59.501
877 67.501
878 54.749
879 53.745
880 89.945
881 62.351
882 63.985
883 52.030
884 82.724
885 55.895
886 77.901
887 77.344
888 78.102
889 52.769
890 50.406
891 78.145
892 86.240
893 65.029
894 85.056
895 86.989
896 81.531
897 72.200
898 89.624
899 59.196
900 81.106
901 59.850
902 57.179
903 57.644
904 79.251
905 50.753
906 83.728
907 66.868
908 50.464
909 88.149
910 64.875
911 72.325
912 62.976
913 83.789
914 83.524
915 58.767
